Multiple size <= 100
TEST 1 ARG:45 65 7 57 58 54 63 83 86 16 9 21 49 17 15 4 88 52 66 82 98 93 8 18 46 62 76 60 31 29 23 10 80 99 40 72 26 56 50 55 38 14 44 51 2 36 12 28 79 33 5 43 90 61 91 25 39 6 89 70 53 1 24 87 74 67 37 94 41 20 81 77 47 85 59 64 19 13 68 0 22 27 97 84 11 92 30 73 34 35 42 3 71 32 96 48 78 69 95 75
TEST 1 ARG:45 65 7 57 58 54 63 83 86 16 9 21 49 17 15 4 88 52 66 82 98 93 8 18 46 62 76 60 31 29 23 10 80 99 40 72 26 56 50 55 38 14 44 51 2 36 12 28 79 33 5 43 90 61 91 25 39 6 89 70 53 1 24 87 74 67 37 94 41 20 81 77 47 85 59 64 19 13 68 0 22 27 97 84 11 92 30 73 34 35 42 3 71 32 96 48 78 69 95 75
TEST 2 ARG:38 85 43 82 28 35 31 8 40 37 97 54 50 34 52 61 48 25 51 3 19 2 55 65 67 71 46 49 92 45 29 16 14 47 72 73 7 24 66 9 91 44 89 59 26 1 78 36 94 27 95 96 20 62 57 77 88 39 83 87 68 17 12 0 90 86 79 84 75 93 41 74 10 63 33 23 53 98 99 18 6 69 76 81 70 32 15 21 30 11 4 56 58 42 22 80 13 60 5 64
TEST 3 ARG:64 53 99 52 83 27 66 68 96 51 61 84 85 93 7 6 29 26 55 48 5 77 67 15 30 49 21 9 4 62 63 71 19 24 2 34 82 8 38 28 16 25 41 35 58 36 17 86 95 18 79 23 73 14 31 74 33 90 69 78 70 76 87 12 54 46 3 11 39 60 45 13 59 80 42 88 92 47 91 32 43 37 40 94 97 0 50 65 81 44 75 72 89 1 20 10 56 22 98 57
TEST 4 ARG:43 90 92 17 37 18 0 77 57 95 51 48 46 81 79 15 56 47 21 38 88 50 5 76 71 22 14 58 55 26 11 12 52 89 4 30 61 87 83 84 49 44 34 8 93 97 63 86 35 78 20 62 7 29 80 40 36 16 99 72 28 31 85 1 64 82 39 33 3 74 69 67 60 24 65 53 54 73 13 75 32 45 19 91 27 59 66 25 42 2 96 9 70 94 10 98 68 6 41 23
TEST 5 ARG:72 67 60 9 64 85 45 63 46 96 70 79 84 91 56 65 59 54 49 3 48 32 10 23 37 82 6 2 39 35 80 12 31 28 90 19 92 25 33 73 15 94 50 69 44 26 53 40 95 66 52 43 36 98 86 38 62 93 14 55 29 75 71 0 83 87 22 74 11 16 76 34 8 47 7 24 88 58 30 21 61 5 51 27 20 17 81 99 77 4 42 78 57 1 13 18 68 41 89 97
TEST 6 ARG:28 85 81 35 50 29 78 59 77 7 39 5 2 49 65 66 52 27 87 54 26 91 19 1 88 86 44 69 9 3 14 79 21 31 18 47 96 64 16 25 82 32 37 51 58 6 36 13 57 73 12 30 15 62 33 45 17 46 38 83 70 60 98 56 90 67 11 80 48 55 43 75 23 99 61 94 76 20 0 89 71 84 8 74 72 53 63 93 95 34 24 22 68 97 10 40 92 42 4 41
TEST 7 ARG:23 28 44 99 24 63 70 93 83 25 26 22 95 97 32 98 35 76 31 51 42 61 58 47 30 52 87 94 20 53 0 19 43 33 88 46 17 59 16 2 84 74 12 71 29 11 73 7 68 38 78 75 5 66 48 82 81 55 65 45 86 80 96 50 18 9 77 10 62 60 72 4 64 36 14 15 8 56 6 39 49 92 67 54 69 41 1 91 85 3 90 21 27 79 34 57 40 13 37 89
TEST 8 ARG:16 95 40 24 74 83 94 59 4 46 97 22 51 84 27 43 19 72 21 38 20 71 45 78 57 62 88 89 17 31 81 32 12 79 42 96 15 68 98 91 9 39 50 58 8 14 36 33 29 80 82 67 23 10 61 41 63 49 92 85 66 5 34 48 7 69 37 86 54 18 65 0 76 93 1 64 11 73 6 53 3 28 52 44 13 47 25 77 70 26 2 87 56 55 60 75 90 30 35 99
TEST 9 ARG:92 82 40 87 2 25 58 79 46 18 26 97 11 19 57 15 47 71 8 61 41 72 33 30 67 96 60 13 73 39 85 37 7 42 38 48 43 6 9 36 35 69 88 32 45 78 49 10 74 77 14 70 83 44 5 65 89 84 98 75 55 34 0 66 12 95 28 94 99 53 4 59 50 68 76 17 90 21 56 81 31 23 3 64 52 80 51 62 63 22 16 27 86 20 24 54 29 93 1 91
TEST 10 ARG:30 78 24 45 84 74 66 16 95 22 7 36 25 42 67 34 89 72 12 27 96 94 46 56 32 48 58 31 86 15 85 43 68 49 77 39 87 17 10 38 76 18 59 3 90 83 28 73 14 71 61 4 5 33 50 41 88 97 47 29 65 92 75 79 93 37 9 80 19 91 13 21 82 52 98 53 51 2 0 6 23 20 57 63 64 81 69 1 35 99 60 55 8 26 70 62 54 11 44 40
TEST 11 ARG:42 64 7 14 33 43 39 47 4 11 19 36 17 60 76 79 83 30 45 54 3 22 37 95 72 38 78 50 8 82 81 63 73 57 46 90 12 16 85 89 97 59 21 75 20 26 15 77 1 44 0 48 29 91 62 86 51 98 65 99 87 34 13 23 28 67 35 70 88 24 96 61 69 18 2 93 71 9 41 27 6 52 5 58 74 84 53 92 32 80 10 68 56 55 31 25 94 40 49 66
TEST 11 ARG:42 64 7 14 33 43 39 47 4 11 19 36 17 60 76 79 83 30 45 54 3 22 37 95 72 38 78 50 8 82 81 63 73 57 46 90 12 16 85 89 97 59 21 75 20 26 15 77 1 44 0 48 29 91 62 86 51 98 65 99 87 34 13 23 28 67 35 70 88 24 96 61 69 18 2 93 71 9 41 27 6 52 5 58 74 84 53 92 32 80 10 68 56 55 31 25 94 40 49 66
TEST 12 ARG:53 48 28 77 79 81 68 54 93 10 29 3 92 21 39 41 25 71 96 90 18 19 34 42 69 91 84 83 50 51 74 45 27 63 87 47 23 5 62 67 24 86 26 85 2 8 31 13 0 72 98 46 66 36 97 58 30 14 9 44 99 94 57 60 80 89 11 43 59 88 61 33 49 95 78 64 20 7 32 70 4 22 52 40 56 55 38 65 75 35 12 6 37 76 16 17 15 73 1 82
TEST 13 ARG:24 31 88 75 11 46 98 54 53 40 82 18 65 71 69 44 76 25 35 89 64 34 1 77 97 92 83 81 28 50 20 32 59 57 21 62 68 78 5 70 51 99 3 30 86 91 67 93 33 80 12 36 26 9 55 22 84 48 7 61 8 10 58 39 49 60 52 96 43 95 23 38 90 63 66 14 87 45 73 15 17 27 47 37 0 41 94 13 6 29 19 42 56 79 74 72 2 4 16 85
TEST 14 ARG:60 94 9 52 35 20 53 62 83 36 98 19 22 50 61 11 18 29 51 3 86 95 40 84 75 57 33 88 97 10 17 90 58 16 24 21 12 74 48 41 1 26 32 68 96 70 30 4 13 34 45 8 42 82 80 63 78 71 49 43 0 31 72 14 2 66 59 77 7 64 55 23 91 93 67 89 39 65 38 28 79 85 73 46 27 6 15 76 37 5 47 25 54 56 44 87 92 69 81 99
TEST 15 ARG:64 31 11 17 0 84 46 36 83 47 94 22 15 66 35 28 80 51 16 48 97 4 73 29 87 91 20 92 7 42 40 96 19 34 56 12 95 21 24 60 33 41 27 55 44 10 62 79 37 82 26 50 93 38 3 71 75 99 81 69 54 59 88 74 45 25 58 77 5 76 23 72 57 32 9 70 78 1 2 63 89 61 85 98 43 8 90 52 30 14 67 13 18 86 39 49 65 53 68 6
TEST 15 ARG:64 31 11 17 0 84 46 36 83 47 94 22 15 66 35 28 80 51 16 48 97 4 73 29 87 91 20 92 7 42 40 96 19 34 56 12 95 21 24 60 33 41 27 55 44 10 62 79 37 82 26 50 93 38 3 71 75 99 81 69 54 59 88 74 45 25 58 77 5 76 23 72 57 32 9 70 78 1 2 63 89 61 85 98 43 8 90 52 30 14 67 13 18 86 39 49 65 53 68 6
TEST 16 ARG:18 0 82 29 83 41 88 85 77 31 12 63 43 49 51 54 3 25 48 20 46 28 80 73 86 32 78 24 93 62 87 61 98 34 56 89 37 99 4 45 74 68 7 81 58 55 39 84 40 44 70 53 92 27 52 11 72 21 13 50 91 95 60 5 36 2 59 96 33 42 15 22 57 47 71 64 90 23 35 65 75 97 76 26 1 30 9 17 69 94 79 19 38 8 67 66 6 16 10 14
TEST 17 ARG:3 63 46 87 85 48 10 28 36 38 31 5 60 27 20 68 51 43 33 26 18 81 54 92 34 78 98 77 61 29 12 53 25 24 90 19 47 74 62 96 21 83 76 44 71 69 30 32 57 1 41 99 52 59 91 93 37 73 89 35 94 80 64 13 82 14 49 39 15 65 86 40 79 58 84 95 75 17 9 0 11 88 16 6 50 8 22 45 70 56 66 42 2 4 67 72 7 23 97 55
TEST 17 ARG:3 63 46 87 85 48 10 28 36 38 31 5 60 27 20 68 51 43 33 26 18 81 54 92 34 78 98 77 61 29 12 53 25 24 90 19 47 74 62 96 21 83 76 44 71 69 30 32 57 1 41 99 52 59 91 93 37 73 89 35 94 80 64 13 82 14 49 39 15 65 86 40 79 58 84 95 75 17 9 0 11 88 16 6 50 8 22 45 70 56 66 42 2 4 67 72 7 23 97 55
TEST 18 ARG:20 42 58 69 60 65 64 49 50 61 15 8 90 44 13 29 63 17 55 97 35 70 96 51 30 71 32 76 39 53 83 11 9 2 36 24 54 16 0 74 19 47 81 5 79 33 7 27 28 10 67 89 43 78 37 48 66 18 40 22 98 88 41 56 25 62 59 93 38 23 99 87 26 82 45 52 6 14 92 4 73 85 91 31 21 1 95 46 77 12 3 72 94 75 80 57 34 68 86 84
TEST 19 ARG:83 55 58 52 22 57 95 25 64 13 14 4 87 47 48 7 21 79 75 67 99 96 33 39 46 32 38 85 90 35 60 72 17 16 12 6 5 92 76 77 28 80 68 1 89 91 19 84 51 54 94 63 43 62 70 66 2 34 74 11 86 40 82 61 78 23 36 45 65 24 41 10 37 0 15 98 97 9 3 26 49 42 93 27 44 88 50 29 18 59 53 31 56 30 73 81 8 71 20 69
TEST 19 ARG:83 55 58 52 22 57 95 25 64 13 14 4 87 47 48 7 21 79 75 67 99 96 33 39 46 32 38 85 90 35 60 72 17 16 12 6 5 92 76 77 28 80 68 1 89 91 19 84 51 54 94 63 43 62 70 66 2 34 74 11 86 40 82 61 78 23 36 45 65 24 41 10 37 0 15 98 97 9 3 26 49 42 93 27 44 88 50 29 18 59 53 31 56 30 73 81 8 71 20 69
TEST 20 ARG:86 58 71 11 30 77 35 89 34 9 13 20 12 81 72 57 61 73 56 64 15 42 80 76 83 96 98 44 69 87 91 66 36 4 46 41 32 1 47 85 8 38 70 65 7 3 60 74 68 6 97 90 48 93 49 53 14 28 25 52 19 82 55 39 33 84 10 99 67 51 26 95 75 5 17 29 88 2 94 43 92 54 40 45 31 21 27 24 63 22 18 16 62 79 0 78 23 37 50 59
TEST 21 ARG:5 29 28 0 64 63 61 23 25 19 85 3 69 2 10 11 47 45 54 87 42 98 32 77 57 83 50 65 55 94 80 97 96 46 62 27 79 58 90 43 52 72 15 73 49 9 92 59 89 7 86 66 88 18 48 16 95 41 99 20 71 84 44 74 68 60 6 4 17 67 36 33 30 38 34 39 37 76 51 78 75 93 91 53 31 13 22 26 14 12 1 24 35 70 56 81 21 40 82 8
TEST 22 ARG:14 94 21 2 32 91 38 59 62 66 8 64 30 90 23 79 68 13 17 7 99 65 3 97 57 46 27 74 34 47 37 56 25 78 10 76 43 63 55 87 26 24 69 52 33 15 54 19 50 11 60 5 12 51 49 9 70 28 83 58 88 95 61 92 1 16 75 6 82 31 39 41 71 85 81 44 0 77 20 93 86 53 67 18 80 89 45 96 98 42 35 22 36 73 40 48 84 72 4 29
TEST 23 ARG:70 79 33 44 4 3 30 63 29 52 45 51 35 83 89 48 73 85 0 2 77 43 50 31 22 69 6 78 24 68 81 15 17 61 92 66 19 58 40 62 7 97 57 38 76 95 9 59 98 82 25 60 32 23 74 39 54 37 21 53 42 8 88 90 28 65 46 34 55 27 5 1 20 94 80 93 87 64 41 10 36 71 56 13 99 75 72 84 18 11 86 12 47 91 14 26 67 96 16 49
TEST 23 ARG:70 79 33 44 4 3 30 63 29 52 45 51 35 83 89 48 73 85 0 2 77 43 50 31 22 69 6 78 24 68 81 15 17 61 92 66 19 58 40 62 7 97 57 38 76 95 9 59 98 82 25 60 32 23 74 39 54 37 21 53 42 8 88 90 28 65 46 34 55 27 5 1 20 94 80 93 87 64 41 10 36 71 56 13 99 75 72 84 18 11 86 12 47 91 14 26 67 96 16 49
TEST 24 ARG:27 23 98 93 52 17 89 55 80 86 78 0 18 95 15 84 42 5 54 68 44 26 83 4 57 71 22 8 9 45 66 19 88 91 31 33 70 50 63 61 69 1 11 65 3 37 85 53 21 48 97 32 81 35 25 60 40 96 59 94 29 51 28 67 34 38 2 12 64 56 43 76 39 47 14 75 72 6 20 46 99 87 16 82 41 73 10 58 62 90 79 30 7 13 36 92 49 74 77 24
TEST 25 ARG:96 97 19 40 95 67 13 64 18 32 75 66 62 42 37 14 90 53 93 27 85 8 9 87 38 3 35 34 91 47 2 82 63 25 52 36 65 48 59 99 51 61 28 80 50 15 0 31 78 56 29 72 86 76 73 44 60 4 89 26 23 98 68 24 94 92 6 70 16 39 58 81 1 79 17 43 77 88 41 20 7 83 45 11 49 33 46 54 21 12 5 71 22 10 55 84 30 74 69 57
TEST 26 ARG:4 83 75 3 27 28 47 38 56 17 52 6 13 76 85 97 21 50 8 88 89 34 99 77 9 29 79 95 90 46 20 42 30 32 80 81 71 59 70 78 45 61 57 5 14 16 25 18 98 49 40 35 15 92 39 44 51 66 86 2 73 65 7 58 55 10 64 87 82 91 94 74 23 84 62 63 12 68 11 41 36 48 24 53 93 67 43 72 22 19 31 60 0 1 37 96 54 69 33 26
TEST 27 ARG:62 94 25 72 83 63 7 90 74 70 66 80 89 48 65 12 18 87 22 71 28 52 67 43 85 8 17 41 0 88 23 20 4 33 60 40 84 73 97 61 98 11 34 14 96 44 3 78 50 9 92 13 53 64 75 31 46 29 55 36 15 19 82 10 57 30 68 76 93 6 21 77 39 51 56 99 91 86 1 49 16 37 42 35 59 69 5 79 32 38 24 27 47 54 26 81 2 95 58 45
TEST 28 ARG:47 24 68 55 54 94 11 1 52 23 92 9 76 89 70 85 22 51 34 28 40 63 42 13 53 81 78 83 97 43 71 32 84 72 67 25 60 19 61 65 18 5 75 82 88 0 80 74 4 3 50 41 49 39 33 59 96 58 16 66 95 69 26 36 38 98 57 31 17 20 93 77 37 64 10 45 91 2 56 30 7 48 90 27 46 12 15 6 21 87 44 99 8 62 35 86 79 29 14 73
TEST 28 ARG:47 24 68 55 54 94 11 1 52 23 92 9 76 89 70 85 22 51 34 28 40 63 42 13 53 81 78 83 97 43 71 32 84 72 67 25 60 19 61 65 18 5 75 82 88 0 80 74 4 3 50 41 49 39 33 59 96 58 16 66 95 69 26 36 38 98 57 31 17 20 93 77 37 64 10 45 91 2 56 30 7 48 90 27 46 12 15 6 21 87 44 99 8 62 35 86 79 29 14 73
TEST 29 ARG:81 94 25 95 57 50 46 12 85 11 98 33 22 89 48 40 80 24 64 62 21 58 61 45 35 71 78 82 68 83 87 8 20 3 74 5 17 4 7 10 6 88 27 69 79 52 19 13 72 90 47 60 31 51 18 70 0 84 55 96 66 97 44 28 41 42 49 1 99 86 9 32 65 30 63 77 26 37 29 34 16 91 56 43 59 14 38 39 73 15 36 54 53 2 92 23 67 76 93 75
TEST 29 ARG:81 94 25 95 57 50 46 12 85 11 98 33 22 89 48 40 80 24 64 62 21 58 61 45 35 71 78 82 68 83 87 8 20 3 74 5 17 4 7 10 6 88 27 69 79 52 19 13 72 90 47 60 31 51 18 70 0 84 55 96 66 97 44 28 41 42 49 1 99 86 9 32 65 30 63 77 26 37 29 34 16 91 56 43 59 14 38 39 73 15 36 54 53 2 92 23 67 76 93 75
TEST 30 ARG:86 75 67 44 62 81 84 30 39 8 72 54 7 4 13 82 3 76 20 66 83 79 31 73 6 27 24 23 45 43 96 58 25 33 15 87 57 47 0 32 22 37 21 60 98 91 92 50 5 19 28 38 65 51 42 59 46 97 56 64 48 80 26 52 70 16 29 95 2 14 71 11 55 94 61 35 69 34 17 1 10 90 88 74 49 89 9 99 53 85 41 68 77 12 36 63 93 40 18 78
TEST 30 ARG:86 75 67 44 62 81 84 30 39 8 72 54 7 4 13 82 3 76 20 66 83 79 31 73 6 27 24 23 45 43 96 58 25 33 15 87 57 47 0 32 22 37 21 60 98 91 92 50 5 19 28 38 65 51 42 59 46 97 56 64 48 80 26 52 70 16 29 95 2 14 71 11 55 94 61 35 69 34 17 1 10 90 88 74 49 89 9 99 53 85 41 68 77 12 36 63 93 40 18 78
TEST 31 ARG:97 70 53 84 89 11 78 7 49 91 72 48 2 24 65 23 75 18 1 95 85 45 38 12 17 42 51 0 22 35 63 37 36 98 26 81 8 6 47 28 73 94 3 44 64 74 56 92 10 52 39 50 19 13 86 68 4 61 40 88 32 21 77 34 69 82 62 20 54 16 60 9 67 33 43 71 76 90 87 30 5 66 15 58 27 83 79 46 31 59 29 96 93 25 41 57 99 55 14 80
TEST 31 ARG:97 70 53 84 89 11 78 7 49 91 72 48 2 24 65 23 75 18 1 95 85 45 38 12 17 42 51 0 22 35 63 37 36 98 26 81 8 6 47 28 73 94 3 44 64 74 56 92 10 52 39 50 19 13 86 68 4 61 40 88 32 21 77 34 69 82 62 20 54 16 60 9 67 33 43 71 76 90 87 30 5 66 15 58 27 83 79 46 31 59 29 96 93 25 41 57 99 55 14 80
TEST 32 ARG:25 3 34 41 39 59 50 56 14 13 97 81 88 30 23 57 12 21 22 24 44 72 27 67 68 36 37 70 10 80 94 46 60 86 31 75 15 42 54 17 32 11 16 49 45 90 43 2 63 73 18 95 85 65 74 77 51 29 53 99 78 6 5 7 4 8 64 61 92 40 93 79 26 71 76 96 19 47 9 20 35 52 0 62 91 98 1 84 83 38 87 89 28 66 33 55 69 82 48 58
TEST 32 ARG:25 3 34 41 39 59 50 56 14 13 97 81 88 30 23 57 12 21 22 24 44 72 27 67 68 36 37 70 10 80 94 46 60 86 31 75 15 42 54 17 32 11 16 49 45 90 43 2 63 73 18 95 85 65 74 77 51 29 53 99 78 6 5 7 4 8 64 61 92 40 93 79 26 71 76 96 19 47 9 20 35 52 0 62 91 98 1 84 83 38 87 89 28 66 33 55 69 82 48 58
TEST 33 ARG:58 47 73 89 94 65 48 36 24 30 55 10 15 71 52 69 92 42 16 35 59 40 76 72 41 86 83 81 22 43 37 64 14 31 67 90 17 77 34 96 46 66 28 32 4 78 1 9 39 53 7 61 75 88 79 13 5 19 60 0 87 6 49 54 74 29 11 62 18 12 50 56 80 84 51 98 33 97 3 57 63 68 26 91 38 8 27 23 45 82 93 25 99 21 2 95 44 70 85 20
TEST 33 ARG:58 47 73 89 94 65 48 36 24 30 55 10 15 71 52 69 92 42 16 35 59 40 76 72 41 86 83 81 22 43 37 64 14 31 67 90 17 77 34 96 46 66 28 32 4 78 1 9 39 53 7 61 75 88 79 13 5 19 60 0 87 6 49 54 74 29 11 62 18 12 50 56 80 84 51 98 33 97 3 57 63 68 26 91 38 8 27 23 45 82 93 25 99 21 2 95 44 70 85 20
TEST 34 ARG:41 50 43 19 58 28 25 48 54 21 72 75 18 22 23 94 39 95 49 40 4 31 92 70 66 10 26 55 96 69 9 32 30 79 20 37 6 93 36 99 3 90 52 12 8 57 64 14 27 77 17 7 56 53 34 45 89 98 87 97 42 65 24 59 71 0 16 60 74 62 73 82 84 83 63 13 86 61 38 67 68 33 76 29 1 2 78 47 44 91 81 85 15 35 80 11 51 5 46 88
TEST 35 ARG:55 56 84 23 74 61 8 92 28 98 48 32 40 73 14 34 29 43 11 3 13 53 44 45 87 0 60 85 59 57 15 83 4 38 27 96 99 81 9 80 90 22 5 75 18 7 36 2 77 71 91 97 95 49 86 52 19 47 82 79 42 12 76 62 41 31 51 94 33 50 69 64 25 39 17 6 78 21 66 67 30 10 89 58 70 26 72 24 63 88 68 37 35 93 54 20 65 46 16 1
TEST 35 ARG:55 56 84 23 74 61 8 92 28 98 48 32 40 73 14 34 29 43 11 3 13 53 44 45 87 0 60 85 59 57 15 83 4 38 27 96 99 81 9 80 90 22 5 75 18 7 36 2 77 71 91 97 95 49 86 52 19 47 82 79 42 12 76 62 41 31 51 94 33 50 69 64 25 39 17 6 78 21 66 67 30 10 89 58 70 26 72 24 63 88 68 37 35 93 54 20 65 46 16 1
TEST 36 ARG:64 25 69 22 6 56 40 72 86 83 81 73 9 8 61 87 65 21 77 11 75 32 37 98 68 60 88 23 63 44 52 71 3 74 50 95 90 49 66 17 78 5 46 67 27 62 39 38 15 82 45 84 93 97 94 20 85 99 80 12 24 1 14 59 26 13 36 29 34 91 54 33 2 42 55 41 47 31 7 10 48 51 28 53 96 30 18 16 35 92 89 43 19 70 76 79 58 4 0 57
